instance_10_9_2_10_10_Bthr_1.txt;10;9;2;2.2279e-05;1;24;24;0;0;0;1
instance_10_9_2_10_10_Bthr_9.txt;10;9;2;8.466e-06;1;64;64;0;0;0;1
instance_10_9_2_10_10_Bthr_0.txt;10;9;2;1.7153e-05;1;80;80;0;0;0;1
instance_10_9_2_10_10_Bthr_6.txt;10;9;2;1.052e-05;1;51;51;0;0;0;1
instance_10_9_2_10_10_Bthr_7.txt;10;9;2;1.0771e-05;1;28;28;0;0;0;1
instance_10_9_2_10_10_Bthr_3.txt;10;9;2;1.4136e-05;1;30;30;0;0;0;1
instance_10_9_2_10_10_Bthr_2.txt;10;9;2;1.5192e-05;1;80;80;0;0;0;1
instance_10_9_2_10_10_Bthr_8.txt;10;9;2;1.6027e-05;1;91;91;0;0;0;1
instance_10_9_2_10_10_Bthr_5.txt;10;9;2;1.4386e-05;1;69;69;0;0;0;1
instance_10_9_2_10_10_Bthr_4.txt;10;9;2;1.7057e-05;1;90;90;0;0;0;1
instance_10_9_2_10_10_Mthr_0.txt;10;9;2;2.3416e-05;1;99;99;0;0;0;1
instance_10_9_2_10_10_Mthr_3.txt;10;9;2;2.0724e-05;1;33;33;0;0;0;1
instance_10_9_2_10_10_Mthr_4.txt;10;9;2;2.1572e-05;1;37;37;0;0;0;1
instance_10_9_2_10_10_Mthr_1.txt;10;9;2;1.9142e-05;1;78;78;0;0;0;1
instance_10_9_2_10_10_Mthr_8.txt;10;9;2;1.5617e-05;1;45;45;0;0;0;1
instance_10_9_2_10_10_Mthr_7.txt;10;9;2;1.8614e-05;1;70;70;0;0;1;1
instance_10_9_2_10_10_Mthr_9.txt;10;9;2;1.1587e-05;1;16;16;0;0;0;1
instance_10_9_2_10_10_Mthr_2.txt;10;9;2;1.8933e-05;1;65;65;0;0;0;1
instance_10_9_2_10_10_Mthr_6.txt;10;9;2;1.9356e-05;1;60;60;0;0;0;1
instance_10_9_2_10_10_Mthr_5.txt;10;9;2;1.594e-05;1;54;54;0;0;0;1
instance_10_9_2_10_10_Sthr_1.txt;10;9;2;1.3719e-05;1;72;72;0;0;0;1
instance_10_9_2_10_10_Sthr_5.txt;10;9;2;2.2698e-05;1;126;126;0;0;0;1
instance_10_9_2_10_10_Sthr_4.txt;10;9;2;1.3803e-05;1;66;66;0;0;0;1
instance_10_9_2_10_10_Sthr_0.txt;10;9;2;1.1476e-05;1;43;43;0;0;0;1
instance_10_9_2_10_10_Sthr_7.txt;10;9;2;1.5295e-05;1;47;47;0;0;0;1
instance_10_9_2_10_10_Sthr_8.txt;10;9;2;1.7461e-05;1;56;56;0;0;0;1
instance_10_9_2_10_10_Sthr_9.txt;10;9;2;1.5366e-05;1;98;98;0;0;0;1
instance_10_9_2_10_10_Sthr_6.txt;10;9;2;1.5737e-05;1;65;65;0;0;0;1
instance_10_9_2_10_10_Sthr_3.txt;10;9;2;1.9109e-05;1;48;48;0;0;0;1
instance_10_9_2_10_10_Sthr_2.txt;10;9;2;2.416e-05;1;99;99;0;0;0;1
