instance_20_3_4_10_8_Bthr_9.txt;20;3;4;3.0757e-05;1;6608;448;2;2;6;1
instance_20_3_4_10_8_Bthr_3.txt;20;3;4;3.5926e-05;1;6536;416;2;2;5;1
instance_20_3_4_10_8_Bthr_1.txt;20;3;4;3.212e-05;1;349;349;0;0;3;1
instance_20_3_4_10_8_Bthr_0.txt;20;3;4;2.2401e-05;1;15644;544;5;5;10;1
instance_20_3_4_10_8_Bthr_2.txt;20;3;4;2.0912e-05;1;9807;307;5;5;5;1
instance_20_3_4_10_8_Bthr_7.txt;20;3;4;2.6007e-05;1;9925;445;3;3;5;1
instance_20_3_4_10_8_Bthr_8.txt;20;3;4;1.5269e-05;1;19237;517;6;6;6;1
instance_20_3_4_10_8_Bthr_5.txt;20;3;4;2.3391e-05;1;11343;303;6;6;9;1
instance_20_3_4_10_8_Bthr_4.txt;20;3;4;3.5817e-05;1;9813;513;3;3;5;1
instance_20_3_4_10_8_Bthr_6.txt;20;3;4;3.8696e-05;1;434;434;0;0;5;1
instance_20_3_4_10_8_Mthr_9.txt;20;3;4;3.5232e-05;1;16361;401;6;6;9;1
instance_20_3_4_10_8_Mthr_8.txt;20;3;4;1.3834e-05;1;17296;496;5;5;7;1
instance_20_3_4_10_8_Mthr_0.txt;20;3;4;2.4589e-05;1;1604;164;1;1;7;1
instance_20_3_4_10_8_Mthr_3.txt;20;3;4;1.5743e-05;1;6389;189;5;5;10;1
instance_20_3_4_10_8_Mthr_7.txt;20;3;4;1.7221e-05;1;16362;522;6;6;15;1
instance_20_3_4_10_8_Mthr_4.txt;20;3;4;1.9752e-05;1;4051;211;2;2;5;1
instance_20_3_4_10_8_Mthr_2.txt;20;3;4;1.7093e-05;1;10132;372;4;4;10;1
instance_20_3_4_10_8_Mthr_5.txt;20;3;4;1.508e-05;1;23031;731;5;5;8;1
instance_20_3_4_10_8_Mthr_6.txt;20;3;4;2.3533e-05;1;5751;351;2;2;6;1
instance_20_3_4_10_8_Mthr_1.txt;20;3;4;1.775e-05;1;16108;428;7;7;8;1
instance_20_3_4_10_8_Sthr_9.txt;20;3;4;2.1282e-05;1;16214;494;6;6;11;1
instance_20_3_4_10_8_Sthr_4.txt;20;3;4;3.2786e-05;1;4033;193;3;3;9;1
instance_20_3_4_10_8_Sthr_3.txt;20;3;4;3.5255e-05;1;3448;448;1;1;14;1
instance_20_3_4_10_8_Sthr_8.txt;20;3;4;2.2638e-05;1;9765;465;3;3;10;1
instance_20_3_4_10_8_Sthr_6.txt;20;3;4;2.3478e-05;1;9726;286;4;4;5;1
instance_20_3_4_10_8_Sthr_5.txt;20;3;4;1.6562e-05;1;7737;357;3;3;9;1
instance_20_3_4_10_8_Sthr_0.txt;20;3;4;7.441e-06;0; ; ; ; ; ; 
instance_20_3_4_10_8_Sthr_2.txt;20;3;4;1.7141e-05;1;12370;370;6;6;9;1
instance_20_3_4_10_8_Sthr_1.txt;20;3;4;2.7773e-05;1;6413;413;2;2;6;1
instance_20_3_4_10_8_Sthr_7.txt;20;3;4;2.3858e-05;1;10224;224;5;5;8;1
