instance_20_4_2_10_6_Mthr_6.txt;20;4;2;1.6898e-05;1;244;244;0;0;0;1
instance_20_4_2_10_6_Mthr_8.txt;20;4;2;2.1413e-05;1;5387;267;2;2;2;1
instance_20_4_2_10_6_Mthr_9.txt;20;4;2;4.5738e-05;1;388;388;0;0;3;1
instance_20_4_2_10_6_Mthr_4.txt;20;4;2;2.8904e-05;1;13308;308;5;5;2;1
instance_20_4_2_10_6_Mthr_1.txt;20;4;2;2.5336e-05;1;97;97;0;0;0;1
instance_20_4_2_10_6_Mthr_0.txt;20;4;2;2.8788e-05;1;531;531;0;0;2;1
instance_20_4_2_10_6_Mthr_3.txt;20;4;2;3.8069e-05;1;430;430;0;0;2;1
instance_20_4_2_10_6_Mthr_5.txt;20;4;2;3.013e-05;1;9044;344;3;3;2;1
instance_20_4_2_10_6_Mthr_7.txt;20;4;2;4.7466e-05;1;6902;502;2;2;6;1
instance_20_4_2_10_6_Mthr_2.txt;20;4;2;3.7063e-05;1;6603;203;4;4;2;1
instance_20_4_2_10_6_Bthr_1.txt;20;4;2;3.2164e-05;1;314;314;0;0;1;1
instance_20_4_2_10_6_Bthr_3.txt;20;4;2;2.9973e-05;1;427;427;0;0;2;1
instance_20_4_2_10_6_Bthr_4.txt;20;4;2;3.7435e-05;1;251;251;0;0;2;1
instance_20_4_2_10_6_Bthr_5.txt;20;4;2;2.7891e-05;1;13894;574;3;3;4;1
instance_20_4_2_10_6_Bthr_6.txt;20;4;2;3.0384e-05;1;11912;712;2;2;6;1
instance_20_4_2_10_6_Bthr_7.txt;20;4;2;3.2561e-05;1;13168;368;4;4;2;1
instance_20_4_2_10_6_Bthr_8.txt;20;4;2;5.3549e-05;1;234;234;0;0;2;1
instance_20_4_2_10_6_Bthr_2.txt;20;4;2;3.1239e-05;1;2938;298;1;1;2;1
instance_20_4_2_10_6_Bthr_0.txt;20;4;2;3.9014e-05;1;419;419;0;0;2;1
instance_20_4_2_10_6_Bthr_9.txt;20;4;2;2.169e-05;1;13419;619;4;4;2;1
instance_20_4_2_10_6_Sthr_4.txt;20;4;2;3.4852e-05;1;5620;620;1;1;7;1
instance_20_4_2_10_6_Sthr_6.txt;20;4;2;3.5382e-05;1;14035;535;3;3;4;1
instance_20_4_2_10_6_Sthr_8.txt;20;4;2;3.3606e-05;1;9130;330;4;4;6;1
instance_20_4_2_10_6_Sthr_1.txt;20;4;2;3.7106e-05;1;9958;358;3;3;4;1
instance_20_4_2_10_6_Sthr_7.txt;20;4;2;3.131e-05;1;3443;323;1;1;2;1
instance_20_4_2_10_6_Sthr_9.txt;20;4;2;3.1808e-05;1;15188;468;4;4;6;1
instance_20_4_2_10_6_Sthr_5.txt;20;4;2;3.6286e-05;1;10023;303;3;3;2;1
instance_20_4_2_10_6_Sthr_0.txt;20;4;2;7.234e-05;1;409;409;0;0;5;1
instance_20_4_2_10_6_Sthr_3.txt;20;4;2;3.7447e-05;1;280;280;0;0;2;1
instance_20_4_2_10_6_Sthr_2.txt;20;4;2;3.4365e-05;1;4772;132;4;4;2;1
