instance_10_7_2_10_8_Bthr_8.txt;10;7;2;1.0919e-05;1;20;20;0;0;0;1
instance_10_7_2_10_8_Bthr_9.txt;10;7;2;1.1413e-05;1;29;29;0;0;1;1
instance_10_7_2_10_8_Bthr_5.txt;10;7;2;2.3202e-05;1;72;72;0;0;1;1
instance_10_7_2_10_8_Bthr_0.txt;10;7;2;1.5876e-05;1;74;74;0;0;1;1
instance_10_7_2_10_8_Bthr_2.txt;10;7;2;1.435e-05;1;78;78;0;0;0;1
instance_10_7_2_10_8_Bthr_3.txt;10;7;2;1.3947e-05;1;45;45;0;0;0;1
instance_10_7_2_10_8_Bthr_1.txt;10;7;2;2.1915e-05;1;128;128;0;0;0;1
instance_10_7_2_10_8_Bthr_7.txt;10;7;2;1.381e-05;1;112;112;0;0;1;1
instance_10_7_2_10_8_Bthr_6.txt;10;7;2;2.8013e-05;1;56;56;0;0;1;1
instance_10_7_2_10_8_Bthr_4.txt;10;7;2;1.8582e-05;1;115;115;0;0;0;1
instance_10_7_2_10_8_Mthr_8.txt;10;7;2;1.2566e-05;1;57;57;0;0;0;1
instance_10_7_2_10_8_Mthr_7.txt;10;7;2;1.0997e-05;1;36;36;0;0;1;1
instance_10_7_2_10_8_Mthr_6.txt;10;7;2;2.3258e-05;1;91;91;0;0;0;1
instance_10_7_2_10_8_Mthr_4.txt;10;7;2;9.183e-06;1;49;49;0;0;1;1
instance_10_7_2_10_8_Mthr_5.txt;10;7;2;1.8569e-05;1;53;53;0;0;0;1
instance_10_7_2_10_8_Mthr_2.txt;10;7;2;2.0436e-05;1;69;69;0;0;0;1
instance_10_7_2_10_8_Mthr_0.txt;10;7;2;2.5467e-05;1;21;21;0;0;0;1
instance_10_7_2_10_8_Mthr_3.txt;10;7;2;1.6629e-05;1;53;53;0;0;0;1
instance_10_7_2_10_8_Mthr_1.txt;10;7;2;1.6628e-05;1;61;61;0;0;0;1
instance_10_7_2_10_8_Mthr_9.txt;10;7;2;2.2089e-05;1;98;98;0;0;0;1
instance_10_7_2_10_8_Sthr_3.txt;10;7;2;9.92e-06;1;8580;180;7;7;0;1
instance_10_7_2_10_8_Sthr_4.txt;10;7;2;1.3961e-05;1;6201;201;6;6;1;1
instance_10_7_2_10_8_Sthr_0.txt;10;7;2;1.6186e-05;1;28;28;0;0;1;1
instance_10_7_2_10_8_Sthr_7.txt;10;7;2;1.2811e-05;1;80;80;0;0;0;1
instance_10_7_2_10_8_Sthr_2.txt;10;7;2;1.612e-05;1;82;82;0;0;0;1
instance_10_7_2_10_8_Sthr_9.txt;10;7;2;1.792e-05;1;108;108;0;0;1;1
instance_10_7_2_10_8_Sthr_8.txt;10;7;2;1.8099e-05;1;33;33;0;0;0;1
instance_10_7_2_10_8_Sthr_1.txt;10;7;2;1.9073e-05;1;76;76;0;0;1;1
instance_10_7_2_10_8_Sthr_6.txt;10;7;2;2.2914e-05;1;96;96;0;0;0;1
instance_10_7_2_10_8_Sthr_5.txt;10;7;2;1.8175e-05;1;108;108;0;0;1;1
