instance_20_4_4_10_11_Sthr_0.txt;20;4;4;1.8967e-05;1;26337;417;8;8;10;1
instance_20_4_4_10_11_Sthr_9.txt;20;4;4;2.258e-05;1;18003;203;10;10;10;1
instance_20_4_4_10_11_Sthr_2.txt;20;4;4;7.249e-06;0; ; ; ; ; ; 
instance_20_4_4_10_11_Sthr_6.txt;20;4;4;2.4405e-05;1;16445;345;5;5;8;1
instance_20_4_4_10_11_Sthr_5.txt;20;4;4;3.3145e-05;1;6787;247;3;3;9;1
instance_20_4_4_10_11_Sthr_4.txt;20;4;4;2.5599e-05;1;32775;615;8;8;11;1
instance_20_4_4_10_11_Sthr_3.txt;20;4;4;3.0284e-05;1;7275;315;3;3;14;1
instance_20_4_4_10_11_Sthr_8.txt;20;4;4;2.239e-05;1;16667;467;5;5;13;1
instance_20_4_4_10_11_Sthr_7.txt;20;4;4;7.884e-06;0; ; ; ; ; ; 
instance_20_4_4_10_11_Sthr_1.txt;20;4;4;3.1335e-05;1;29628;468;9;9;8;1
instance_20_4_4_10_11_Bthr_2.txt;20;4;4;4.0681e-05;1;331;331;0;0;5;1
instance_20_4_4_10_11_Bthr_9.txt;20;4;4;3.1828e-05;1;303;303;0;0;4;1
instance_20_4_4_10_11_Bthr_5.txt;20;4;4;2.7088e-05;1;34971;571;10;10;7;1
instance_20_4_4_10_11_Bthr_3.txt;20;4;4;6.9927e-05;1;483;483;0;0;5;1
instance_20_4_4_10_11_Bthr_8.txt;20;4;4;3.4449e-05;1;159;159;0;0;7;1
instance_20_4_4_10_11_Bthr_1.txt;20;4;4;3.1492e-05;1;32011;691;6;6;9;1
instance_20_4_4_10_11_Bthr_4.txt;20;4;4;4.2988e-05;1;178;178;0;0;6;1
instance_20_4_4_10_11_Bthr_7.txt;20;4;4;4.3962e-05;1;341;341;0;0;6;1
instance_20_4_4_10_11_Bthr_6.txt;20;4;4;4.3829e-05;1;7129;449;2;2;10;1
instance_20_4_4_10_11_Bthr_0.txt;20;4;4;3.1715e-05;1;305;305;0;0;6;1
instance_20_4_4_10_11_Mthr_1.txt;20;4;4;3.7221e-05;1;14669;269;6;6;5;1
instance_20_4_4_10_11_Mthr_7.txt;20;4;4;3.3314e-05;1;9704;544;2;2;11;1
instance_20_4_4_10_11_Mthr_6.txt;20;4;4;4.3908e-05;1;9159;279;4;4;10;1
instance_20_4_4_10_11_Mthr_4.txt;20;4;4;2.6423e-05;1;38137;537;10;10;6;1
instance_20_4_4_10_11_Mthr_3.txt;20;4;4;3.8933e-05;1;14174;254;6;6;6;1
instance_20_4_4_10_11_Mthr_5.txt;20;4;4;2.1389e-05;1;26151;531;7;7;8;1
instance_20_4_4_10_11_Mthr_0.txt;20;4;4;2.6393e-05;1;242;242;0;0;6;1
instance_20_4_4_10_11_Mthr_8.txt;20;4;4;3.1632e-05;1;10570;330;4;4;8;1
instance_20_4_4_10_11_Mthr_2.txt;20;4;4;2.9338e-05;1;2751;271;1;1;7;1
instance_20_4_4_10_11_Mthr_9.txt;20;4;4;3.2311e-05;1;176;176;0;0;6;1
