instance_10_8_2_10_10_Bthr_5.txt;10;8;2;1.1892e-05;1;52;52;0;0;0;1
instance_10_8_2_10_10_Bthr_1.txt;10;8;2;1.5641e-05;1;102;102;0;0;2;1
instance_10_8_2_10_10_Bthr_9.txt;10;8;2;1.5419e-05;1;60;60;0;0;0;1
instance_10_8_2_10_10_Bthr_3.txt;10;8;2;1.2782e-05;1;56;56;0;0;0;1
instance_10_8_2_10_10_Bthr_8.txt;10;8;2;1.8406e-05;1;67;67;0;0;0;1
instance_10_8_2_10_10_Bthr_4.txt;10;8;2;1.2876e-05;1;96;96;0;0;0;1
instance_10_8_2_10_10_Bthr_2.txt;10;8;2;2.3737e-05;1;50;50;0;0;0;1
instance_10_8_2_10_10_Bthr_0.txt;10;8;2;2.2059e-05;1;120;120;0;0;1;1
instance_10_8_2_10_10_Bthr_7.txt;10;8;2;1.8397e-05;1;110;110;0;0;0;1
instance_10_8_2_10_10_Bthr_6.txt;10;8;2;1.2792e-05;1;102;102;0;0;0;1
instance_10_8_2_10_10_Mthr_8.txt;10;8;2;3.105e-05;1;145;145;0;0;1;1
instance_10_8_2_10_10_Mthr_7.txt;10;8;2;1.5462e-05;1;48;48;0;0;0;1
instance_10_8_2_10_10_Mthr_3.txt;10;8;2;1.8236e-05;1;72;72;0;0;0;1
instance_10_8_2_10_10_Mthr_5.txt;10;8;2;2.8396e-05;1;113;113;0;0;0;1
instance_10_8_2_10_10_Mthr_1.txt;10;8;2;1.2689e-05;1;84;84;0;0;0;1
instance_10_8_2_10_10_Mthr_0.txt;10;8;2;3.2425e-05;1;76;76;0;0;1;1
instance_10_8_2_10_10_Mthr_9.txt;10;8;2;1.4493e-05;1;22;22;0;0;0;1
instance_10_8_2_10_10_Mthr_4.txt;10;8;2;2.8379e-05;1;96;96;0;0;2;1
instance_10_8_2_10_10_Mthr_6.txt;10;8;2;2.9443e-05;1;51;51;0;0;1;1
instance_10_8_2_10_10_Mthr_2.txt;10;8;2;1.4505e-05;1;53;53;0;0;0;1
instance_10_8_2_10_10_Sthr_7.txt;10;8;2;1.9427e-05;1;102;102;0;0;0;1
instance_10_8_2_10_10_Sthr_6.txt;10;8;2;3.4081e-05;1;110;110;0;0;1;1
instance_10_8_2_10_10_Sthr_0.txt;10;8;2;2.2648e-05;1;54;54;0;0;0;1
instance_10_8_2_10_10_Sthr_1.txt;10;8;2;2.1713e-05;1;74;74;0;0;2;1
instance_10_8_2_10_10_Sthr_2.txt;10;8;2;2.2296e-05;1;30;30;0;0;0;1
instance_10_8_2_10_10_Sthr_3.txt;10;8;2;1.4001e-05;1;57;57;0;0;0;1
instance_10_8_2_10_10_Sthr_8.txt;10;8;2;2.1052e-05;1;116;116;0;0;0;1
instance_10_8_2_10_10_Sthr_5.txt;10;8;2;1.4851e-05;1;76;76;0;0;0;1
instance_10_8_2_10_10_Sthr_9.txt;10;8;2;1.8441e-05;1;51;51;0;0;0;1
instance_10_8_2_10_10_Sthr_4.txt;10;8;2;2.1172e-05;1;60;60;0;0;0;1
