instance_20_4_5_10_13_Mthr_1.txt;20;4;5;2.3107e-05;1;188;188;0;0;6;1
instance_20_4_5_10_13_Mthr_8.txt;20;4;5;2.5527e-05;1;34084;484;10;10;13;1
instance_20_4_5_10_13_Mthr_6.txt;20;4;5;3.4065e-05;1;9030;330;3;3;7;1
instance_20_4_5_10_13_Mthr_9.txt;20;4;5;3.1849e-05;1;16931;271;7;7;8;1
instance_20_4_5_10_13_Mthr_3.txt;20;4;5;3.0393e-05;1;6419;239;3;3;9;1
instance_20_4_5_10_13_Mthr_0.txt;20;4;5;5.0938e-05;1;20950;310;8;8;11;1
instance_20_4_5_10_13_Mthr_5.txt;20;4;5;3.1925e-05;1;24918;418;7;7;8;1
instance_20_4_5_10_13_Mthr_7.txt;20;4;5;2.914e-05;1;25721;341;9;9;9;1
instance_20_4_5_10_13_Mthr_4.txt;20;4;5;4.1064e-05;1;14914;274;6;6;9;1
instance_20_4_5_10_13_Mthr_2.txt;20;4;5;3.8705e-05;1;24104;344;11;11;12;1
instance_20_4_5_10_13_Bthr_1.txt;20;4;5;2.6296e-05;1;277;277;0;0;7;1
instance_20_4_5_10_13_Bthr_0.txt;20;4;5;2.8385e-05;1;226;226;0;0;8;1
instance_20_4_5_10_13_Bthr_7.txt;20;4;5;3.4023e-05;1;42568;568;12;12;6;1
instance_20_4_5_10_13_Bthr_2.txt;20;4;5;3.6733e-05;1;250;250;0;0;7;1
instance_20_4_5_10_13_Bthr_6.txt;20;4;5;2.9896e-05;1;194;194;0;0;8;1
instance_20_4_5_10_13_Bthr_9.txt;20;4;5;3.2511e-05;1;159;159;0;0;8;1
instance_20_4_5_10_13_Bthr_5.txt;20;4;5;4.2803e-05;1;524;524;0;0;12;1
instance_20_4_5_10_13_Bthr_3.txt;20;4;5;3.7911e-05;1;132;132;0;0;6;1
instance_20_4_5_10_13_Bthr_8.txt;20;4;5;3.2088e-05;1;129;129;0;0;7;1
instance_20_4_5_10_13_Bthr_4.txt;20;4;5;3.6059e-05;1;311;311;0;0;8;1
instance_20_4_5_10_13_Sthr_6.txt;20;4;5;5.0097e-05;1;22765;365;8;8;9;1
instance_20_4_5_10_13_Sthr_9.txt;20;4;5;3.7937e-05;1;146;146;0;0;7;1
instance_20_4_5_10_13_Sthr_2.txt;20;4;5;3.1655e-05;1;17205;265;7;7;10;1
instance_20_4_5_10_13_Sthr_5.txt;20;4;5;3.387e-05;1;28241;521;9;9;6;1
instance_20_4_5_10_13_Sthr_0.txt;20;4;5;2.6199e-05;1;26128;508;7;7;10;1
instance_20_4_5_10_13_Sthr_1.txt;20;4;5;8.486e-06;0; ; ; ; ; ; 
instance_20_4_5_10_13_Sthr_4.txt;20;4;5;3.2815e-05;1;7413;273;3;3;11;1
instance_20_4_5_10_13_Sthr_7.txt;20;4;5;8.723e-06;0; ; ; ; ; ; 
instance_20_4_5_10_13_Sthr_3.txt;20;4;5;3.1333e-05;1;20138;298;8;8;7;1
instance_20_4_5_10_13_Sthr_8.txt;20;4;5;2.7036e-05;1;44277;497;11;11;12;1
