instance_30_3_2_10_4_Bthr_0.txt;30;3;2;2.5513e-05;1;9697;1177;1;1;3;1
instance_30_3_2_10_4_Bthr_8.txt;30;3;2;2.3077e-05;1;33340;2020;3;3;5;1
instance_30_3_2_10_4_Bthr_9.txt;30;3;2;6.1906e-05;1;573;573;0;0;1;1
instance_30_3_2_10_4_Bthr_2.txt;30;3;2;2.8444e-05;1;12646;766;2;2;5;1
instance_30_3_2_10_4_Bthr_6.txt;30;3;2;3.069e-05;1;12831;681;3;3;5;1
instance_30_3_2_10_4_Bthr_4.txt;30;3;2;3.7054e-05;1;16224;744;3;3;1;1
instance_30_3_2_10_4_Bthr_1.txt;30;3;2;2.4847e-05;1;18332;1052;3;3;5;1
instance_30_3_2_10_4_Bthr_3.txt;30;3;2;2.6336e-05;1;20698;1078;3;3;3;1
instance_30_3_2_10_4_Bthr_7.txt;30;3;2;3.2486e-05;1;28509;1509;3;3;2;1
instance_30_3_2_10_4_Bthr_5.txt;30;3;2;2.7738e-05;1;16437;1317;3;3;1;1
instance_30_3_2_10_4_Sthr_1.txt;30;3;2;2.7427e-05;1;26742;1902;3;3;5;1
instance_30_3_2_10_4_Sthr_7.txt;30;3;2;3.4808e-05;1;13229;629;3;3;3;1
instance_30_3_2_10_4_Sthr_6.txt;30;3;2;2.8795e-05;1;11742;492;3;3;3;1
instance_30_3_2_10_4_Sthr_5.txt;30;3;2;3.0952e-05;1;4889;749;1;1;5;1
instance_30_3_2_10_4_Sthr_0.txt;30;3;2;2.7147e-05;1;9176;1076;1;1;5;1
instance_30_3_2_10_4_Sthr_9.txt;30;3;2;2.8943e-05;1;13980;840;3;3;7;1
instance_30_3_2_10_4_Sthr_3.txt;30;3;2;2.8602e-05;1;22758;1968;3;3;3;1
instance_30_3_2_10_4_Sthr_8.txt;30;3;2;3.5763e-05;1;13652;692;3;3;4;1
instance_30_3_2_10_4_Sthr_4.txt;30;3;2;3.8655e-05;1;13421;1001;2;2;5;1
instance_30_3_2_10_4_Sthr_2.txt;30;3;2;6.9341e-05;1;1287;1287;0;0;3;1
instance_30_3_2_10_4_Mthr_6.txt;30;3;2;3.3055e-05;1;385;385;0;0;2;1
instance_30_3_2_10_4_Mthr_9.txt;30;3;2;2.6855e-05;1;18317;857;3;3;3;1
instance_30_3_2_10_4_Mthr_1.txt;30;3;2;4.2119e-05;1;1276;1276;0;0;3;1
instance_30_3_2_10_4_Mthr_7.txt;30;3;2;3.9543e-05;1;34770;1830;3;3;7;1
instance_30_3_2_10_4_Mthr_8.txt;30;3;2;5.6754e-05;1;1287;1287;0;0;3;1
instance_30_3_2_10_4_Mthr_2.txt;30;3;2;4.829e-05;1;690;690;0;0;2;1
instance_30_3_2_10_4_Mthr_0.txt;30;3;2;4.8869e-05;1;5432;662;1;1;4;1
instance_30_3_2_10_4_Mthr_3.txt;30;3;2;2.36e-05;1;10532;632;2;2;0;1
instance_30_3_2_10_4_Mthr_5.txt;30;3;2;4.2739e-05;1;1170;1170;0;0;2;1
instance_30_3_2_10_4_Mthr_4.txt;30;3;2;3.4282e-05;1;790;790;0;0;2;1
