instance_20_4_3_10_7_Sthr_7.txt;20;4;3;1.9969e-05;1;6480;320;2;2;5;1
instance_20_4_3_10_7_Sthr_3.txt;20;4;3;1.977e-05;1;30950;830;6;6;7;1
instance_20_4_3_10_7_Sthr_8.txt;20;4;3;3.0384e-05;1;26805;645;6;6;7;1
instance_20_4_3_10_7_Sthr_4.txt;20;4;3;1.9876e-05;1;176;176;0;0;1;1
instance_20_4_3_10_7_Sthr_0.txt;20;4;3;2.4311e-05;1;11150;250;5;5;2;1
instance_20_4_3_10_7_Sthr_9.txt;20;4;3;2.5049e-05;1;11696;416;3;3;3;1
instance_20_4_3_10_7_Sthr_5.txt;20;4;3;3.398e-05;1;15141;501;6;6;5;1
instance_20_4_3_10_7_Sthr_2.txt;20;4;3;2.9161e-05;1;11459;259;5;5;3;1
instance_20_4_3_10_7_Sthr_6.txt;20;4;3;3.6109e-05;1;4645;465;1;1;3;1
instance_20_4_3_10_7_Sthr_1.txt;20;4;3;3.1395e-05;1;6977;417;2;2;9;1
instance_20_4_3_10_7_Mthr_4.txt;20;4;3;3.1065e-05;1;5354;314;2;2;5;1
instance_20_4_3_10_7_Mthr_9.txt;20;4;3;2.9132e-05;1;18548;548;5;5;7;1
instance_20_4_3_10_7_Mthr_5.txt;20;4;3;3.4454e-05;1;10302;462;3;3;8;1
instance_20_4_3_10_7_Mthr_1.txt;20;4;3;2.8236e-05;1;381;381;0;0;5;1
instance_20_4_3_10_7_Mthr_3.txt;20;4;3;2.1284e-05;1;23879;719;6;6;6;1
instance_20_4_3_10_7_Mthr_2.txt;20;4;3;1.6645e-05;1;7269;229;4;4;3;1
instance_20_4_3_10_7_Mthr_8.txt;20;4;3;3.0274e-05;1;8102;462;2;2;5;1
instance_20_4_3_10_7_Mthr_6.txt;20;4;3;2.6075e-05;1;283;283;0;0;4;1
instance_20_4_3_10_7_Mthr_0.txt;20;4;3;3.0252e-05;1;13450;370;6;6;3;1
instance_20_4_3_10_7_Mthr_7.txt;20;4;3;3.0229e-05;1;5589;349;2;2;4;1
instance_20_4_3_10_7_Bthr_6.txt;20;4;3;3.2045e-05;1;6156;356;2;2;1;1
instance_20_4_3_10_7_Bthr_8.txt;20;4;3;3.299e-05;1;3621;441;1;1;6;1
instance_20_4_3_10_7_Bthr_7.txt;20;4;3;2.8492e-05;1;4739;259;2;2;2;1
instance_20_4_3_10_7_Bthr_9.txt;20;4;3;3.6371e-05;1;24315;715;5;5;7;1
instance_20_4_3_10_7_Bthr_4.txt;20;4;3;3.1496e-05;1;224;224;0;0;3;1
instance_20_4_3_10_7_Bthr_1.txt;20;4;3;3.7345e-05;1;358;358;0;0;4;1
instance_20_4_3_10_7_Bthr_3.txt;20;4;3;3.7458e-05;1;527;527;0;0;4;1
instance_20_4_3_10_7_Bthr_0.txt;20;4;3;2.2324e-05;1;240;240;0;0;3;1
instance_20_4_3_10_7_Bthr_2.txt;20;4;3;3.4665e-05;1;291;291;0;0;3;1
instance_20_4_3_10_7_Bthr_5.txt;20;4;3;4.2701e-05;1;459;459;0;0;4;1
