instance_20_3_5_10_9_Sthr_9.txt;20;3;5;1.2762e-05;1;31650;610;8;8;11;1
instance_20_3_5_10_9_Sthr_5.txt;20;3;5;7.758e-06;0; ; ; ; ; ; 
instance_20_3_5_10_9_Sthr_3.txt;20;3;5;8.21e-06;0; ; ; ; ; ; 
instance_20_3_5_10_9_Sthr_6.txt;20;3;5;2.3265e-05;1;12192;392;5;5;14;1
instance_20_3_5_10_9_Sthr_1.txt;20;3;5;8.067e-06;0; ; ; ; ; ; 
instance_20_3_5_10_9_Sthr_8.txt;20;3;5;2.5348e-05;1;25610;650;8;8;11;1
instance_20_3_5_10_9_Sthr_0.txt;20;3;5;1.3762e-05;1;20878;578;7;7;9;1
instance_20_3_5_10_9_Sthr_7.txt;20;3;5;1.4761e-05;1;24399;559;8;8;12;1
instance_20_3_5_10_9_Sthr_4.txt;20;3;5;1.7302e-05;1;20832;672;6;6;12;1
instance_20_3_5_10_9_Sthr_2.txt;20;3;5;7.224e-06;0; ; ; ; ; ; 
instance_20_3_5_10_9_Mthr_8.txt;20;3;5;2.4279e-05;1;6253;453;2;2;9;1
instance_20_3_5_10_9_Mthr_1.txt;20;3;5;1.4465e-05;1;21621;501;8;8;8;1
instance_20_3_5_10_9_Mthr_9.txt;20;3;5;1.5326e-05;1;16806;486;8;8;13;1
instance_20_3_5_10_9_Mthr_7.txt;20;3;5;1.2509e-05;1;12173;373;5;5;8;1
instance_20_3_5_10_9_Mthr_0.txt;20;3;5;2.4424e-05;1;12225;325;7;7;10;1
instance_20_3_5_10_9_Mthr_3.txt;20;3;5;1.5143e-05;1;18990;430;8;8;6;1
instance_20_3_5_10_9_Mthr_5.txt;20;3;5;1.9968e-05;1;16410;450;7;7;9;1
instance_20_3_5_10_9_Mthr_2.txt;20;3;5;2.5558e-05;1;8178;538;2;2;8;1
instance_20_3_5_10_9_Mthr_6.txt;20;3;5;2.5161e-05;1;23417;537;8;8;12;1
instance_20_3_5_10_9_Mthr_4.txt;20;3;5;3.1975e-05;1;241;241;0;0;6;1
instance_20_3_5_10_9_Bthr_1.txt;20;3;5;4.3079e-05;1;5475;395;2;2;6;1
instance_20_3_5_10_9_Bthr_5.txt;20;3;5;2.5806e-05;1;11537;497;4;4;12;1
instance_20_3_5_10_9_Bthr_2.txt;20;3;5;3.0078e-05;1;19981;521;7;7;10;1
instance_20_3_5_10_9_Bthr_9.txt;20;3;5;1.6376e-05;1;12760;280;8;8;5;1
instance_20_3_5_10_9_Bthr_7.txt;20;3;5;2.3585e-05;1;9848;328;4;4;6;1
instance_20_3_5_10_9_Bthr_6.txt;20;3;5;2.6179e-05;1;5481;401;2;2;7;1
instance_20_3_5_10_9_Bthr_4.txt;20;3;5;2.9867e-05;1;29169;849;6;6;11;1
instance_20_3_5_10_9_Bthr_3.txt;20;3;5;3.0363e-05;1;289;289;0;0;4;1
instance_20_3_5_10_9_Bthr_8.txt;20;3;5;2.4747e-05;1;326;326;0;0;8;1
instance_20_3_5_10_9_Bthr_0.txt;20;3;5;2.8801e-05;1;5037;317;2;2;6;1
