Final status: 	Optimal en 0.038995
Final objective: 46
Final gap: 	0
x[0][1]=1 , 0 , -0 , 1 , 0 , 0 , 1 , -0 , -0 , -0 , -0 , -0 , -0 , -0 , -0 , -0 , -0 , -0 , -0 , -0 , -0 , -0 , -0 , -0 , -0 , -0 , -0 , -0 , -0 , -0 , -0 , -0 , 0 , 0 , 0 , 0 , 

 C[0]=18
x[1][0]=1 , 0 , 0 , 0 , 1 , 0 , 0 , 0 , 0 , -0 , -0 , -0 , -0 , -0 , -0 , -0 , 0 , -0 , -0 , -0 , -0 , -0 , -0 , -0 , 0 , 0 , 0 , 0 , 0 , 0 , 0 , 0 , 0 , 0 , 0 , 
x[1][2]=1 , 0 , 0 , 0 , 1 , 0 , 0 , 0 , 0 , -0 , -0 , -0 , -0 , -0 , -0 , -0 , 0 , -0 , -0 , -0 , -0 , -0 , -0 , -0 , 0 , 0 , 0 , 0 , 0 , 0 , 0 , 0 , 0 , 0 , 0 , 

 C[1]=24
y[0][0]=[0, 0, 0, 0, 0, 0, 0, 1, 1, 1,
1, 1, 1, 1, 1, 1, 1, 1, 1, 1,
1, 1, 1, 1, 1, 1, 1, 1, 1, 1,
1, 1, 1, 1, 1, 1, 1, 1, 1]
y[0][1]=[0, 0, 0, 0, 0, 0, 0, -0, -0, -0,
-0, 0, 0, 0, 1, 1, 1, 1, 1, 1,
1, 1, 1, 1, 1, 1, 1, 1, 1, 1,
1, 1, 1, 1, 1, 1, 1, 1, 1]
y[1][0]=[0, 0, 0, 0, 0, 0, 0, 0, 0, 0,
0, 0, 0, 0, 1, 1, 1, 1, 1, 1,
1, 1, 1, 1, 1, 1, 1, 1, 1, 1,
1, 1, 1, 1, 1, 1, 1, 1, 1]
y[1][2]=[0, 0, 0, 0, 0, 0, 0, 0, 0, -0,
-0, -0, -0, -0, 1, 1, 1, 1, 1, 1,
1, 1, 1, 1, 1, 1, 1, 1, 1, 1,
1, 1, 1, 1, 1, 1, 1, 1, 1]
