Final status: 	Optimal en 0.122442
Final objective: 46
Final gap: 	0
x[0][1]=0 , -0 , -0 , -0 , -0 , -0 , 1 , -0 , -0 , -0 , -0 , -0 , -0 , -0 , -0 , -0 , -0 , -0 , -0 , -0 , -0 , -0 , -0 , -0 , -0 , -0 , -0 , -0 , -0 , -0 , -0 , -0 , -0 , -0 , -0 , -0 , 
 C[0]=9
x[1][2]=1 , -0 , -0 , -0 , 0 , -0 , -0 , -0 , -0 , -0 , -0 , 0 , -0 , -0 , -0 , -0 , -0 , -0 , -0 , -0 , -0 , -0 , -0 , -0 , -0 , -0 , -0 , -0 , -0 , -0 , -0 , -0 , -0 , -0 , -0 , 
 C[1]=4
x[2][0]=1 , -0 , -0 , -0 , -0 , -0 , -0 , -0 , -0 , -0 , -0 , -0 , -0 , -0 , -0 , -0 , -0 , -0 , -0 , -0 , -0 , -0 , -0 , -0 , -0 , -0 , -0 , -0 , -0 , -0 , -0 , -0 , -0 , -0 , -0 , 
 C[2]=4
x[3][1]=-0 , -0 , -0 , 1 , 0 , 0 , -0 , -0 , -0 , -0 , -0 , -0 , -0 , 0 , -0 , -0 , -0 , -0 , -0 , -0 , -0 , 0 , -0 , -0 , -0 , -0 , -0 , -0 , -0 , -0 , -0 , -0 , -0 , -0 , -0 , -0 , 
 C[3]=6
x[4][0]=0 , -0 , -0 , -0 , 1 , 0 , -0 , -0 , -0 , -0 , -0 , -0 , -0 , -0 , -0 , -0 , 0 , -0 , -0 , -0 , -0 , -0 , -0 , -0 , -0 , -0 , 0 , -0 , -0 , -0 , -0 , -0 , -0 , -0 , -0 , 
 C[4]=8
x[5][1]=1 , -0 , -0 , 0 , -0 , -0 , -0 , -0 , -0 , -0 , -0 , -0 , -0 , -0 , -0 , -0 , -0 , -0 , 0 , -0 , -0 , -0 , -0 , 0 , -0 , -0 , -0 , -0 , -0 , -0 , -0 , -0 , -0 , -0 , -0 , -0 , 
 C[5]=3
x[6][2]=0 , -0 , -0 , -0 , 1 , -0 , -0 , -0 , -0 , -0 , -0 , -0 , -0 , -0 , -0 , -0 , -0 , -0 , -0 , -0 , -0 , -0 , -0 , -0 , -0 , -0 , -0 , -0 , -0 , -0 , -0 , -0 , -0 , -0 , -0 , 
 C[6]=8
y[0][0]=[0, 0, 0, 0, 0, 0, 0, 1, 1, 1,
1, 1, 1, 1, 1, 1, 1, 1, 1, 1,
1, 1, 1, 1, 1, 1, 1, 1, 1, 1,
1, 1, 1, 1, 1, 1, 1, 1, 1]
y[0][1]=[0, 0, 0, 0, 0, 0, 0, -0, -0, 0,
-0, 0, -0, 0, 1, 1, 1, 1, 1, 1,
1, 1, 1, 1, 1, 1, 1, 1, 1, 1,
1, 1, 1, 1, 1, 1, 1, 1, 1]
y[1][0]=[0, 0, 0, 0, 0, 0, 0, 0, 0, -0,
0, 0, 0, 0, 1, 1, 1, 1, 1, 1,
1, 1, 1, 1, 1, 1, 1, 1, 1, 1,
1, 1, 1, 1, 1, 1, 1, 1, 1]
y[1][2]=[0, 0, 0, 0, 0, 0, 0, 0, 0, -0,
-0, 0, 0, 0, 1, 1, 1, 1, 1, 1,
1, 1, 1, 1, 1, 1, 1, 1, 1, 1,
1, 1, 1, 1, 1, 1, 1, 1, 1]
Hurray!
c1 ok 
 c2 ok 
 valide? 1
**************************************************
